90 45 56
89 45 56
89 45 55
88 45 55
88 45 55
88 45 55
87 45 54
87 45 54
86 45 54
86 45 54
85 45 53
85 45 53
85 45 53
84 45 53
84 45 52
83 45 52
83 45 52
83 45 52
82 45 51
82 45 51
81 44 51
81 44 51
80 44 50
80 44 50
80 44 50
79 44 50
79 44 49
78 44 49
78 44 49
78 44 49
77 44 48
77 44 48
76 44 48
76 44 48
76 44 47
75 44 47
75 44 47
74 44 47
74 44 46
74 44 46
73 44 46
73 44 45
72 43 45
72 43 45
72 43 45
71 43 44
71 43 44
71 43 44
70 43 44
70 43 43
69 43 43
69 43 43
69 43 43
68 43 42
68 43 42
68 43 42
67 43 42
67 43 41
67 43 41
66 43 41
66 42 41
66 42 40
65 42 40
65 42 40
65 42 39
64 42 39
64 42 39
64 42 39
63 42 38
63 42 38
63 42 38
62 42 37
62 42 37
62 41 37
61 41 36
61 41 36
61 41 36
61 41 36
60 41 35
60 41 35
60 41 35
59 41 34
59 41 34
59 41 34
59 40 33
58 40 33
58 40 33
58 40 32
58 40 32
57 40 32
57 40 31
57 40 31
56 40 31
56 39 30
56 39 30
56 39 29
55 39 29
55 39 29
55 39 28
55 39 28
54 39 28
54 38 27
54 38 27
54 38 27
53 38 26
53 38 26
53 38 25
52 38 25
52 38 25
52 37 24
52 37 24
51 37 24
51 37 23
51 37 23
51 37 22
50 37 22
50 37 22
50 36 21
50 36 21
49 36 20
49 36 20
49 36 20
49 36 19
48 36 19
48 35 19
48 35 18
48 35 18
47 35 17
47 35 17
47 35 17
46 35 16
46 35 16
46 34 15
46 34 15
45 34 15
45 34 14
45 34 14
45 34 13
44 34 13
44 33 13
44 33 12
44 33 12
43 33 12
43 33 11
43 33 11
43 33 10
42 33 10
42 32 10
42 32 9
41 32 9
41 32 8
41 32 8
41 32 8
40 32 7
40 31 7
40 31 6
40 31 6
39 31 6
39 31 5
39 31 5
39 31 4
38 30 4
38 30 4
38 30 3
38 30 3
37 30 2
37 30 2
37 30 2
36 30 1
36 29 1
36 29 0
36 29 0
35 29 0
35 29 0