        0.00000        88.0500
     0.00971149        87.7300
      0.0107625        86.7900
      0.0112536        85.9200
      0.0116365        85.0700
      0.0119825        84.2000
      0.0122971        83.3500
      0.0125868        82.4900
      0.0128562        81.6500
      0.0131074        80.8200
      0.0133416        80.0200
      0.0135614        79.2300
      0.0137698        78.4500
      0.0139685        77.6700
      0.0141577        76.9000
      0.0143378        76.1400
      0.0145099        75.3900
      0.0146746        74.6500
      0.0148326        73.9100
      0.0149839        73.1900
      0.0151286        72.4800
      0.0152673        71.7900
      0.0154006        71.0900
      0.0155291        70.4100
      0.0156528        69.7400
      0.0157719        69.0700
      0.0158867        68.4100
      0.0159977        67.7600
      0.0161051        67.1100
      0.0162091        66.4600
      0.0163097        65.8300
      0.0164072        65.1900
      0.0165016        64.5700
      0.0165933        63.9400
      0.0166823        63.3200
      0.0167686        62.7100
      0.0168525        62.1000
      0.0169341        61.4900
      0.0170135        60.8800
      0.0170907        60.2800
      0.0171659        59.6700
      0.0172392        59.0700
      0.0173107        58.4700
      0.0173804        57.8700
      0.0174483        57.2700
      0.0175148        56.6600
      0.0175796        56.0600
      0.0176424        55.4500
      0.0177035        54.8400
      0.0177626        54.2200
      0.0178197        20.4700
      0.0213283        41.0500
      0.0218851        48.3300
      0.0220700        41.3000
      0.0222121        37.9600
      0.0223275        35.7700
      0.0224237        33.7300
      0.0225077        31.6900
      0.0225834        29.9900
      0.0226523        28.7200
      0.0227149        27.7800
      0.0227719        27.0200
      0.0228241        26.2900
      0.0228728        25.5500
      0.0229189        24.8700
      0.0229629        24.3100
      0.0230050        23.8800
      0.0230452        23.5500
      0.0230836        23.2700
      0.0231203        22.9700
      0.0231556        22.6300
      0.0231898        22.2700
      0.0232231        21.9300
      0.0232556        21.6500
      0.0232874        21.4000
      0.0233184        21.1900
      0.0233486        21.0100
      0.0233782        20.8400
      0.0234071        20.6500
      0.0234357        20.4300
      0.0234641        20.2500
      0.0234923        20.1000
      0.0235203        20.0100
      0.0235481        19.9600
      0.0235757        19.9300
      0.0236031        19.8900
      0.0236302        19.8100
      0.0236574        19.7000
      0.0236845        19.5800
      0.0237117        19.4800
      0.0237388        19.4100
      0.0237660        19.3600
      0.0237931        19.3200
      0.0238201        19.2600
      0.0238471        19.1600
      0.0238741        19.0300
      0.0239012        18.9100
      0.0239284        18.8200
      0.0239556        18.7500
      0.0239828        18.6800
      0.0240100        18.6100
      0.0240372        18.5200
      0.0240645        18.4300
      0.0240920        18.3500
      0.0241197        18.3100
      0.0241476        18.3000
      0.0241757        18.3000
      0.0242039        18.3000
      0.0242325        18.2900
      0.0242614        18.2900
      0.0242908        18.3100
      0.0243205        18.3600
      0.0243507        18.4100
      0.0243812        18.4400
      0.0244123        18.4800
      0.0244433        18.5200
      0.0244739        18.5800
      0.0245040        18.6200
      0.0245337        18.6400
      0.0245630        18.6600
      0.0245921        18.6900
      0.0246207        18.7200
      0.0246490        18.7300
      0.0246769        18.7400
      0.0247046        18.7500
      0.0247320        18.7700
      0.0247591        18.7800
      0.0247858        18.7900
      0.0248123        18.7900
      0.0248386        18.7900
      0.0248646        18.8000
      0.0248904        18.8100
      0.0249159        18.8200
      0.0249413        18.8200
      0.0249664        18.8300
      0.0249913        18.8400
      0.0250160        18.8500
      0.0250406        18.8700
      0.0250650        18.9000
      0.0250892        18.9300
      0.0251132        18.9600
      0.0251372        18.9900
      0.0251609        19.0400
      0.0251846        19.0800
      0.0252081        19.1300
      0.0252316        19.2000
      0.0252549        19.2700
      0.0252782        19.3500
      0.0253014        19.4500
      0.0253246        19.5600
      0.0253477        19.6700
      0.0253709        19.7900
      0.0253941        19.9300
      0.0254173        20.1000
      0.0254407        20.2900
      0.0254642        20.5100
      0.0254878        20.7500
      0.0255117        21.0500
      0.0255358        21.3800
      0.0255602        21.7400
      0.0255851        22.1300
      0.0256104        22.5900
      0.0256363        23.1700
      0.0256630        23.9100
      0.0256908        24.8900
      0.0257200        26.2200
      0.0257512        28.0000
      0.0257852        30.3800
      0.0258229        33.4700
      0.0258657        37.3000
      0.0259149        41.6200
      0.0259713        46.2000
      0.0260355        50.9400
      0.0261074        55.5900
      0.0261869        60.0100
      0.0262737        64.0800
      0.0263671        67.8400
      0.0264667        71.3400
      0.0265720        74.6800
      0.0266833        78.0800
      0.0268008        81.8800
      0.0269253        86.6800
      0.0270583        95.1500
      0.0272084        111.300
      0.0273926        140.200
      0.0276390        178.300
      0.0279633        217.000
      0.0283587        254.200
      0.0288137        289.400
      0.0293177        322.300
      0.0298621        352.700
      0.0304392        380.600
      0.0310424        406.200
      0.0316668        429.700
      0.0323082        451.300
      0.0329636        471.200
      0.0336304        489.600
      0.0343067        506.800
      0.0349913        522.700
      0.0356829        537.700
      0.0363811        551.900
      0.0370850        565.200
      0.0377946        577.800
      0.0385097        589.900
      0.0392300        601.300
      0.0399554        612.200
      0.0406859        622.700
      0.0414214        632.800
      0.0421617        642.400
      0.0429069        651.700
      0.0436569        660.600
      0.0444115        669.200
      0.0451706        677.500
      0.0459341        685.600
      0.0467017        693.300
      0.0474734        700.800
      0.0482489        708.000
      0.0490279        715.000
      0.0498102        721.800
      0.0505957        728.300
      0.0513840        734.600
      0.0521751        740.800
      0.0529686        746.700
      0.0537644        752.400
      0.0545624        758.000
      0.0553622        763.400
      0.0561637        768.600
      0.0569669        773.700
      0.0577715        778.600
      0.0585775        783.400
      0.0593848        788.000
      0.0601931        792.400
      0.0610025        796.800
      0.0618129        801.000
      0.0626241        805.100
      0.0634360        809.100
      0.0642484        813.000
      0.0650613        816.700
      0.0658745        820.400
      0.0666879        824.000
      0.0675014        827.400
      0.0683149        830.800
      0.0691281        834.100
      0.0699411        837.300
      0.0707538        840.400
      0.0715660        843.500
      0.0723779        846.400
      0.0731891        849.300
      0.0739998        852.100
      0.0748097        854.800
      0.0756188        857.500
      0.0764270        860.100
      0.0772343        862.600
      0.0780405        865.100
      0.0788455        867.500
      0.0796493        869.800
      0.0804518        872.100
      0.0812528        874.300
      0.0820524        876.500
      0.0828506        878.600
      0.0836472        880.600
      0.0844422        882.600
      0.0852355        884.500
      0.0860271        886.400
      0.0868171        888.300
      0.0876053        890.000
      0.0883919        891.800
      0.0891768        893.500
      0.0899600        895.100
      0.0907415        896.700
      0.0915212        898.300
      0.0922989        899.800
      0.0930745        901.200
      0.0938481        902.700
      0.0946196        904.000
      0.0953888        905.400
      0.0961558        906.700
      0.0969206        908.000
      0.0976832        909.200
      0.0984434        910.400
      0.0992010        911.600
      0.0999563        912.700
       0.100709        913.800
       0.101460        914.900
       0.102209        915.900
       0.102956        916.900
       0.103700        917.900
       0.104443        918.900
       0.105184        919.800
       0.105923        920.700
       0.106660        921.500
       0.107396        922.400
       0.108130        923.200
       0.108862        924.000
       0.109591        924.700
       0.110319        925.400
       0.111044        926.200
       0.111767        926.900
       0.112488        927.500
       0.113207        928.200
       0.113924        928.800
       0.114638        929.400
       0.115350        930.000
       0.116061        930.500
       0.116769        931.100
       0.117476        931.600
       0.118181        932.100
       0.118883        932.600
       0.119584        933.100
       0.120283        933.600
       0.120980        934.000
       0.121677        934.400
       0.122372        934.800
       0.123066        935.200
       0.123759        935.600
       0.124450        936.000
       0.125140        936.300
       0.125829        936.700
       0.126516        937.000
       0.127202        937.300
       0.127888        937.600
       0.128572        937.900
       0.129256        938.200
       0.129939        938.400
       0.130621        938.700
       0.131302        938.900
       0.131983        939.100
       0.132661        939.300
       0.133338        939.500
       0.134013        939.700
       0.134688        939.900
       0.135363        940.100
       0.136037        940.200
       0.136712        940.400
       0.137385        940.500
       0.138059        940.600
       0.138732        940.800
       0.139404        940.900
       0.140077        941.000
       0.140749        941.100
       0.141421        941.200
       0.142093        941.200
       0.142765        941.300
       0.143437        941.400
       0.144109        941.400
       0.144781        941.500
       0.145454        941.500
       0.146128        941.500
       0.146802        941.600
       0.147476        941.600
       0.148152        941.600
       0.148830        941.600
       0.149511        941.600
       0.150194        941.600
       0.150879        941.500
       0.151567        941.500
       0.152257        941.500
       0.152950        941.400
       0.153646        941.400
       0.154345        941.300
       0.155046        941.200
       0.155751        941.100
       0.156461        941.100
       0.157173        941.000
       0.157889        940.900
       0.158607        940.800
       0.159329        940.700
       0.160055        940.500
       0.160785        940.400
       0.161518        940.300
       0.162256        940.100
       0.162998        940.000
       0.163744        939.800
       0.164495        939.700
       0.165251        939.500
       0.166013        939.300
       0.166780        939.200
       0.167551        939.000
       0.168328        938.800
       0.169110        938.600
       0.169897        938.400
       0.170690        938.200
       0.171488        937.900
       0.172293        937.700
       0.173104        937.500
       0.173922        937.300
       0.174746        937.000
       0.175579        936.800
       0.176419        936.500
       0.177268        936.300
       0.178126        936.000
       0.178993        935.800
       0.179870        935.500
       0.180756        935.200
       0.181653        934.900
       0.182561        934.600
       0.183481        934.300
       0.184412        934.000
       0.185357        933.700
       0.186314        933.400
       0.187286        933.100
       0.188272        932.800
       0.189274        932.500
       0.190292        932.200
       0.191326        931.800
       0.192379        931.500
       0.193451        931.100
       0.194542        930.800
       0.195655        930.400
       0.196790        930.100
       0.197948        929.700
       0.199132        929.300
       0.200342        929.000
       0.201580        928.600
       0.202848        928.200
       0.204149        927.800
       0.205485        927.400
       0.206858        927.000
       0.208271        926.600
       0.209729        926.200
       0.211234        925.700
       0.212791        925.300
       0.214404        924.900
       0.216080        924.400
       0.217825        923.800
       0.219646        922.900
       0.221551        921.900
       0.223549        920.600
       0.225651        919.000
       0.227872        917.100
       0.230227        914.800
       0.232736        912.000
       0.235423        908.600
       0.238319        904.600
       0.241492        899.600
       0.245004        893.400
       0.248941        885.200
       0.253428        874.500
       0.258658        859.200
       0.264940        837.700
       0.272819        810.900
       0.283469        761.700
       0.300385        584.300
       0.343967        0.00000
