        0.00000    8.66300e+18
     0.00971149    2.39700e+19
      0.0107625    4.43400e+19
      0.0112536    5.25800e+19
      0.0116365    5.46500e+19
      0.0119825    5.68800e+19
      0.0122971    5.88000e+19
      0.0125868    6.04800e+19
      0.0128562    6.22700e+19
      0.0131074    6.43500e+19
      0.0133416    6.62800e+19
      0.0135614    6.77000e+19
      0.0137698    6.89500e+19
      0.0139685    7.04100e+19
      0.0141577    7.20200e+19
      0.0143378    7.35700e+19
      0.0145099    7.50400e+19
      0.0146746    7.65500e+19
      0.0148326    7.82700e+19
      0.0149839    8.01700e+19
      0.0151286    8.20900e+19
      0.0152673    8.38500e+19
      0.0154006    8.55600e+19
      0.0155291    8.73800e+19
      0.0156528    8.93300e+19
      0.0157719    9.12700e+19
      0.0158867    9.30700e+19
      0.0159977    9.48300e+19
      0.0161051    9.66600e+19
      0.0162091    9.85700e+19
      0.0163097    1.00500e+20
      0.0164072    1.02500e+20
      0.0165016    1.04400e+20
      0.0165933    1.06400e+20
      0.0166823    1.08400e+20
      0.0167686    1.10400e+20
      0.0168525    1.12400e+20
      0.0169341    1.14400e+20
      0.0170135    1.16400e+20
      0.0170907    1.18500e+20
      0.0171659    1.20500e+20
      0.0172392    1.22500e+20
      0.0173107    1.24700e+20
      0.0173804    1.26700e+20
      0.0174483    1.28500e+20
      0.0175148    1.31000e+20
      0.0175796    1.33800e+20
      0.0176424    1.36700e+20
      0.0177035    1.40300e+20
      0.0177626    1.44200e+20
      0.0178197    1.45000e+21
      0.0213283    8.10700e+21
      0.0218851    2.35700e+22
      0.0220700    2.92900e+22
      0.0222121    3.55800e+22
      0.0223275    4.24300e+22
      0.0224237    4.84900e+22
      0.0225077    5.35400e+22
      0.0225834    5.86200e+22
      0.0226523    6.37700e+22
      0.0227149    6.94800e+22
      0.0227719    7.51800e+22
      0.0228241    7.99800e+22
      0.0228728    8.37700e+22
      0.0229189    8.72300e+22
      0.0229629    9.14900e+22
      0.0230050    9.64300e+22
      0.0230452    1.02600e+23
      0.0230836    1.09400e+23
      0.0231203    1.16000e+23
      0.0231556    1.21800e+23
      0.0231898    1.26800e+23
      0.0232231    1.31800e+23
      0.0232556    1.37100e+23
      0.0232874    1.42900e+23
      0.0233184    1.49000e+23
      0.0233486    1.55000e+23
      0.0233782    1.59500e+23
      0.0234071    1.63100e+23
      0.0234357    1.65900e+23
      0.0234641    1.68400e+23
      0.0234923    1.71100e+23
      0.0235203    1.74200e+23
      0.0235481    1.77800e+23
      0.0235757    1.82000e+23
      0.0236031    1.86100e+23
      0.0236302    1.89500e+23
      0.0236574    1.92200e+23
      0.0236845    1.94700e+23
      0.0237117    1.97500e+23
      0.0237388    2.00900e+23
      0.0237660    2.04700e+23
      0.0237931    2.08700e+23
      0.0238201    2.12200e+23
      0.0238471    2.15100e+23
      0.0238741    2.17500e+23
      0.0239012    2.20100e+23
      0.0239284    2.23200e+23
      0.0239556    2.26900e+23
      0.0239828    2.30600e+23
      0.0240100    2.34000e+23
      0.0240372    2.36500e+23
      0.0240645    2.38500e+23
      0.0240920    2.40700e+23
      0.0241197    2.43300e+23
      0.0241476    2.46200e+23
      0.0241757    2.48800e+23
      0.0242039    2.50700e+23
      0.0242325    2.52000e+23
      0.0242614    2.53100e+23
      0.0242908    2.54500e+23
      0.0243205    2.56200e+23
      0.0243507    2.57500e+23
      0.0243812    2.58200e+23
      0.0244123    2.58800e+23
      0.0244433    2.59800e+23
      0.0244739    2.61000e+23
      0.0245040    2.61800e+23
      0.0245337    2.62000e+23
      0.0245630    2.62300e+23
      0.0245921    2.62800e+23
      0.0246207    2.63300e+23
      0.0246490    2.63600e+23
      0.0246769    2.63500e+23
      0.0247046    2.63300e+23
      0.0247320    2.63400e+23
      0.0247591    2.63400e+23
      0.0247858    2.63300e+23
      0.0248123    2.62800e+23
      0.0248386    2.62400e+23
      0.0248646    2.62100e+23
      0.0248904    2.61700e+23
      0.0249159    2.61300e+23
      0.0249413    2.60500e+23
      0.0249664    2.59700e+23
      0.0249913    2.59000e+23
      0.0250160    2.58300e+23
      0.0250406    2.57500e+23
      0.0250650    2.56700e+23
      0.0250892    2.55900e+23
      0.0251132    2.54900e+23
      0.0251372    2.53900e+23
      0.0251609    2.53000e+23
      0.0251846    2.51900e+23
      0.0252081    2.50600e+23
      0.0252316    2.49400e+23
      0.0252549    2.48200e+23
      0.0252782    2.46900e+23
      0.0253014    2.45600e+23
      0.0253246    2.44100e+23
      0.0253477    2.42200e+23
      0.0253709    2.40100e+23
      0.0253941    2.37900e+23
      0.0254173    2.35900e+23
      0.0254407    2.33800e+23
      0.0254642    2.31500e+23
      0.0254878    2.29100e+23
      0.0255117    2.26700e+23
      0.0255358    2.24300e+23
      0.0255602    2.21600e+23
      0.0255851    2.18600e+23
      0.0256104    2.15300e+23
      0.0256363    2.11800e+23
      0.0256630    2.07900e+23
      0.0256908    2.00000e+23
      0.0257200    1.87200e+23
      0.0257512    1.73200e+23
      0.0257852    1.58700e+23
      0.0258229    1.42400e+23
      0.0258657    1.27000e+23
      0.0259149    1.12800e+23
      0.0259713    1.00200e+23
      0.0260355    9.02200e+22
      0.0261074    8.23100e+22
      0.0261869    7.58300e+22
      0.0262737    7.11200e+22
      0.0263671    6.72800e+22
      0.0264667    6.39500e+22
      0.0265720    6.08500e+22
      0.0266833    5.78800e+22
      0.0268008    5.51600e+22
      0.0269253    5.24300e+22
      0.0270583    4.79700e+22
      0.0272084    4.07500e+22
      0.0273926    3.16200e+22
      0.0276390    2.39800e+22
      0.0279633    1.92000e+22
      0.0283587    1.61100e+22
      0.0288137    1.39900e+22
      0.0293177    1.24100e+22
      0.0298621    1.11900e+22
      0.0304392    1.02100e+22
      0.0310424    9.40100e+21
      0.0316668    8.71800e+21
      0.0323082    8.12800e+21
      0.0329636    7.60800e+21
      0.0336304    7.14600e+21
      0.0343067    6.72800e+21
      0.0349913    6.34800e+21
      0.0356829    5.99700e+21
      0.0363811    5.67400e+21
      0.0370850    5.37200e+21
      0.0377946    5.08900e+21
      0.0385097    4.82600e+21
      0.0392300    4.57800e+21
      0.0399554    4.34500e+21
      0.0406859    4.12600e+21
      0.0414214    3.92100e+21
      0.0421617    3.72800e+21
      0.0429069    3.54500e+21
      0.0436569    3.37400e+21
      0.0444115    3.21300e+21
      0.0451706    3.06200e+21
      0.0459341    2.91900e+21
      0.0467017    2.78500e+21
      0.0474734    2.65900e+21
      0.0482489    2.54000e+21
      0.0490279    2.42900e+21
      0.0498102    2.32300e+21
      0.0505957    2.22400e+21
      0.0513840    2.13000e+21
      0.0521751    2.04200e+21
      0.0529686    1.95800e+21
      0.0537644    1.87900e+21
      0.0545624    1.80500e+21
      0.0553622    1.73400e+21
      0.0561637    1.66700e+21
      0.0569669    1.60300e+21
      0.0577715    1.54200e+21
      0.0585775    1.48500e+21
      0.0593848    1.43000e+21
      0.0601931    1.37800e+21
      0.0610025    1.32800e+21
      0.0618129    1.28100e+21
      0.0626241    1.23600e+21
      0.0634360    1.19400e+21
      0.0642484    1.15300e+21
      0.0650613    1.11400e+21
      0.0658745    1.07700e+21
      0.0666879    1.04100e+21
      0.0675014    1.00700e+21
      0.0683149    9.75200e+20
      0.0691281    9.44300e+20
      0.0699411    9.14800e+20
      0.0707538    8.86500e+20
      0.0715660    8.59300e+20
      0.0723779    8.33300e+20
      0.0731891    8.08400e+20
      0.0739998    7.84500e+20
      0.0748097    7.61700e+20
      0.0756188    7.39700e+20
      0.0764270    7.18600e+20
      0.0772343    6.98400e+20
      0.0780405    6.79000e+20
      0.0788455    6.60300e+20
      0.0796493    6.42400e+20
      0.0804518    6.25300e+20
      0.0812528    6.08700e+20
      0.0820524    5.92700e+20
      0.0828506    5.77300e+20
      0.0836472    5.62500e+20
      0.0844422    5.48200e+20
      0.0852355    5.34500e+20
      0.0860271    5.21200e+20
      0.0868171    5.08300e+20
      0.0876053    4.95800e+20
      0.0883919    4.83800e+20
      0.0891768    4.72100e+20
      0.0899600    4.60900e+20
      0.0907415    4.50000e+20
      0.0915212    4.39500e+20
      0.0922989    4.29500e+20
      0.0930745    4.19700e+20
      0.0938481    4.10300e+20
      0.0946196    4.01200e+20
      0.0953888    3.92400e+20
      0.0961558    3.83900e+20
      0.0969206    3.75600e+20
      0.0976832    3.67600e+20
      0.0984434    3.60000e+20
      0.0992010    3.52500e+20
      0.0999563    3.45100e+20
       0.100709    3.37900e+20
       0.101460    3.30900e+20
       0.102209    3.24100e+20
       0.102956    3.17400e+20
       0.103700    3.10900e+20
       0.104443    3.04500e+20
       0.105184    2.98300e+20
       0.105923    2.92200e+20
       0.106660    2.86300e+20
       0.107396    2.80600e+20
       0.108130    2.75100e+20
       0.108862    2.69800e+20
       0.109591    2.64600e+20
       0.110319    2.59600e+20
       0.111044    2.54700e+20
       0.111767    2.50000e+20
       0.112488    2.45300e+20
       0.113207    2.40800e+20
       0.113924    2.36400e+20
       0.114638    2.32100e+20
       0.115350    2.27800e+20
       0.116061    2.23500e+20
       0.116769    2.19400e+20
       0.117476    2.15500e+20
       0.118181    2.11700e+20
       0.118883    2.07900e+20
       0.119584    2.04100e+20
       0.120283    2.00400e+20
       0.120980    1.96700e+20
       0.121677    1.93000e+20
       0.122372    1.89500e+20
       0.123066    1.86000e+20
       0.123759    1.82600e+20
       0.124450    1.79400e+20
       0.125140    1.76200e+20
       0.125829    1.73000e+20
       0.126516    1.69800e+20
       0.127202    1.66700e+20
       0.127888    1.63700e+20
       0.128572    1.60700e+20
       0.129256    1.57800e+20
       0.129939    1.54900e+20
       0.130621    1.52100e+20
       0.131302    1.49500e+20
       0.131983    1.47000e+20
       0.132661    1.44500e+20
       0.133338    1.42100e+20
       0.134013    1.39500e+20
       0.134688    1.36900e+20
       0.135363    1.34400e+20
       0.136037    1.31900e+20
       0.136712    1.29600e+20
       0.137385    1.27200e+20
       0.138059    1.24900e+20
       0.138732    1.22700e+20
       0.139404    1.20400e+20
       0.140077    1.18200e+20
       0.140749    1.16100e+20
       0.141421    1.14000e+20
       0.142093    1.12000e+20
       0.142765    1.09900e+20
       0.143437    1.07900e+20
       0.144109    1.05900e+20
       0.144781    1.03900e+20
       0.145454    1.01900e+20
       0.146128    1.00000e+20
       0.146802    9.81400e+19
       0.147476    9.61400e+19
       0.148152    9.40700e+19
       0.148830    9.20700e+19
       0.149511    9.01400e+19
       0.150194    8.82200e+19
       0.150879    8.63300e+19
       0.151567    8.44900e+19
       0.152257    8.26500e+19
       0.152950    8.08100e+19
       0.153646    7.90300e+19
       0.154345    7.72900e+19
       0.155046    7.55400e+19
       0.155751    7.37600e+19
       0.156461    7.21000e+19
       0.157173    7.05200e+19
       0.157889    6.89700e+19
       0.158607    6.73900e+19
       0.159329    6.58300e+19
       0.160055    6.43300e+19
       0.160785    6.28600e+19
       0.161518    6.13800e+19
       0.162256    5.99100e+19
       0.162998    5.84900e+19
       0.163744    5.70900e+19
       0.164495    5.56900e+19
       0.165251    5.43000e+19
       0.166013    5.29600e+19
       0.166780    5.16600e+19
       0.167551    5.03900e+19
       0.168328    4.91500e+19
       0.169110    4.79500e+19
       0.169897    4.67600e+19
       0.170690    4.55800e+19
       0.171488    4.44000e+19
       0.172293    4.32500e+19
       0.173104    4.21200e+19
       0.173922    4.09900e+19
       0.174746    3.98700e+19
       0.175579    3.87700e+19
       0.176419    3.76700e+19
       0.177268    3.66000e+19
       0.178126    3.55400e+19
       0.178993    3.45000e+19
       0.179870    3.34800e+19
       0.180756    3.24700e+19
       0.181653    3.14700e+19
       0.182561    3.04900e+19
       0.183481    2.95300e+19
       0.184412    2.85800e+19
       0.185357    2.76400e+19
       0.186314    2.67200e+19
       0.187286    2.58200e+19
       0.188272    2.49300e+19
       0.189274    2.40600e+19
       0.190292    2.32000e+19
       0.191326    2.23600e+19
       0.192379    2.15300e+19
       0.193451    2.07100e+19
       0.194542    1.99100e+19
       0.195655    1.91200e+19
       0.196790    1.83500e+19
       0.197948    1.76000e+19
       0.199132    1.68500e+19
       0.200342    1.61200e+19
       0.201580    1.54000e+19
       0.202848    1.47000e+19
       0.204149    1.40000e+19
       0.205485    1.33200e+19
       0.206858    1.26600e+19
       0.208271    1.20000e+19
       0.209729    1.13500e+19
       0.211234    1.07200e+19
       0.212791    1.01000e+19
       0.214404    9.49000e+18
       0.216080    8.89200e+18
       0.217825    8.30800e+18
       0.219646    7.73900e+18
       0.221551    7.18300e+18
       0.223549    6.64300e+18
       0.225651    6.11500e+18
       0.227872    5.60000e+18
       0.230227    5.10000e+18
       0.232736    4.61600e+18
       0.235423    4.14600e+18
       0.238319    3.68800e+18
       0.241492    3.24100e+18
       0.245004    2.80500e+18
       0.248941    2.37900e+18
       0.253428    1.96400e+18
       0.258658    1.56400e+18
       0.264940    1.18200e+18
       0.272819    8.17400e+17
       0.283469    4.67100e+17
       0.300385    1.48700e+17
       0.343967        0.00000
